	CP.13.sed.PM	CP.39.water	CP2.42.water	CP.12.sed	CP.49.water	CP.7.sed	CP2.38.water	CP.35.water	CP.14.sed.PM	CP.45.water	CP.31.water	CP.3.water	CP2.42.sed	CP2.3.water.PM	CP.12.water	CP2.0.sand	CP.39.sed	CP2.28.sed	CP2.28.water	CP.42.water	CP.12.sed.PM	CP2.2.sed.PM	CP2.13.water	CP.3.sed	CP.5.water	CP2.34.water	CP.14.sed	CP2.24.water	CP2.0.intake	CP.47.sed	CP2.16.water	CP2.36.sed	CP.46.sed	CP.35.sed	CP.42.sed	CP2.2.water.PM	CP.0.sand	CP2.2.water	CP.53.sed	CP.13.water	CP2.31.water	CP2.0.sed	IW.0.water	CP.24.water	CP.31.sed	T.0.sed	CP2.0.water	CP.45.sed	CP2.38.sed	CP2.3.sed.PM	CP2.13.sed	CP.14.water.PM	CP.47.water	CP.21.sed	CP.24.sed	CP.48.sed	CP.5.sed	CP2.10.sed	CP2.35.sed	CP.27.water	CP.1.sed	CP2.5.sed	CP.16.water	CP.7.water	CP2.31.sed	CP2.3.water	CP.16.sed	CP.13.sed	CP.1.water	CP2.1.sed	T.0.water	CP.46.water	CP2.16.sed	CP2.2.sed	CP.48.water	CP2.20.water	CP.21.water	CP2.3.sed	CP2.5.water	CP.19.water	CP.10.water	CP.53.water	CP2.10.water	CP.0.sed	CP2.36.water	CP2.20.sed	CP2.37.water	CP.14.water	CP2.35.water	CP.49.sed	CP.13.water.PM	CP.0.water	CP.12.water.PM	CP.27.sed	CP.19.sed	CP.10.sed	CP2.8.water
CP.13.sed.PM	0.0	0.836285333903	0.801260042664	0.622821090138	0.818987473837	0.632289811811	0.833156497691	0.833405969085	0.753208205045	0.74104088379	0.822346570257	0.680116523405	0.715113027584	0.774441978683	0.785919760872	0.748843051668	0.810753793879	0.81054364051	0.812952737953	0.846886032199	0.786622205357	0.808603817041	0.823597522345	0.637855804607	0.677992832075	0.753193752969	0.712512567113	0.820053036106	0.796777493823	0.717536372811	0.829755457926	0.684840318195	0.666477519973	0.80635963657	0.814044757963	0.726858755715	0.662488266304	0.72529587166	0.723704466529	0.756787458271	0.823325289847	0.695039712177	0.792233264213	0.772747567243	0.830509563707	0.794499512756	0.757063608429	0.711046823978	0.706466878799	0.737927185699	0.820711993295	0.765719030211	0.796657436925	0.791199786534	0.810974194572	0.693036266745	0.592669646081	0.803721910764	0.681867591585	0.821891500244	0.696726509714	0.79228497834	0.795114819779	0.686531935286	0.792205611704	0.751180734244	0.770426415732	0.776391137938	0.720138797469	0.70974792119	0.797535596357	0.787246860614	0.811194363189	0.720742061333	0.823044942169	0.808941297562	0.805765671317	0.788725865627	0.784215126391	0.801063601632	0.735644743645	0.817796459335	0.813080761891	0.659174387948	0.807141506327	0.805385104031	0.815686605235	0.798591179587	0.765836230276	0.73899935022	0.72900888791	0.746072911383	0.758563302959	0.810034479549	0.800059943387	0.634926203885	0.802115471429
CP.39.water	0.836285333903	0.0	0.701812577894	0.823589817319	0.688250115752	0.845914344937	0.714744879613	0.633434379985	0.78840101031	0.745471597913	0.650851902105	0.860725459161	0.802254133727	0.815843749311	0.834500761882	0.886189959241	0.736816679656	0.78761201953	0.684934951936	0.802112109772	0.824512884264	0.842508519679	0.751064148959	0.87477266013	0.867352712541	0.746949897824	0.78754427019	0.685899629822	0.824929708864	0.769615654896	0.769907479392	0.790716012374	0.785511122829	0.794940757038	0.855309615567	0.808556814286	0.876965999403	0.826820968796	0.768060623417	0.7689466314	0.680966165776	0.866048208714	0.803648046722	0.826444913304	0.805194998184	0.807985691567	0.875473700464	0.800850855378	0.791928897188	0.793557271055	0.847623212828	0.761551988752	0.707755955894	0.809666127493	0.719443001081	0.78384857	0.853597133181	0.833522809125	0.812244137833	0.722108557838	0.853148943171	0.813380280888	0.727938833531	0.838100199651	0.776068893782	0.790490376823	0.821396201827	0.814393217849	0.87147537479	0.84748320993	0.759457354421	0.711005625829	0.820445547802	0.806929593156	0.68897901374	0.691894265857	0.720609017716	0.796750784462	0.791971070938	0.7438061751	0.852828338531	0.734559363955	0.764562477537	0.843217681944	0.693935381076	0.780046364056	0.692604929703	0.827743960734	0.712637873725	0.766032679523	0.781896027056	0.875406168443	0.838490262396	0.817557799654	0.827680917629	0.822607634494	0.785013935077
CP2.42.water	0.801260042664	0.701812577894	0.0	0.787402357008	0.684996959191	0.834428101216	0.647170387007	0.688959099257	0.779162641841	0.698419321472	0.705634530167	0.868076332926	0.759773180949	0.840762832661	0.845571041746	0.866052643401	0.710755868025	0.763765872316	0.675074327961	0.809407848811	0.783607636131	0.802733665101	0.766471418736	0.861504440472	0.862440652416	0.708510917648	0.776164857684	0.697177113963	0.785063349815	0.753436828864	0.76651598458	0.752835726373	0.773536591719	0.748592130277	0.823039140006	0.806609159447	0.854355361206	0.815386316062	0.7368469158	0.756103048831	0.662949732163	0.841068155132	0.777008766932	0.78166439451	0.77821425114	0.784409060076	0.859485318095	0.787788542034	0.750386671436	0.787803568541	0.787894914187	0.73893081617	0.665676271156	0.777677646202	0.723495569628	0.753060058738	0.844818225001	0.809147970566	0.792001038134	0.721245569382	0.841883308375	0.784157342534	0.716873659768	0.84101887451	0.740350000045	0.762450782787	0.778140499284	0.777672147216	0.855229609875	0.804844149951	0.746664885892	0.682096582339	0.783589975087	0.79932137408	0.651412840069	0.697538599937	0.720400588652	0.773242305393	0.807537280898	0.735903483474	0.832520128496	0.746608822775	0.791253323851	0.810630752407	0.636728056102	0.747183460123	0.618670047845	0.785600777663	0.642840638853	0.722759689701	0.753280924736	0.869608784759	0.832324754494	0.787630684582	0.785139923507	0.820640943681	0.786612558573
CP.12.sed	0.622821090138	0.823589817319	0.787402357008	0.0	0.78992069426	0.611423627132	0.783350398254	0.817641388114	0.801376511354	0.727370294494	0.81323098517	0.736228098319	0.662394854025	0.788703830861	0.750604713591	0.744707342218	0.810122240546	0.831365446407	0.79317999973	0.83474159348	0.814301877429	0.843199193379	0.816735483149	0.668450827092	0.719650975823	0.765797377383	0.772693139604	0.813773669935	0.793004812199	0.684233242853	0.829230766132	0.664018297962	0.667871963861	0.82824589568	0.840819031607	0.745854628912	0.675294725493	0.764832519958	0.699980080556	0.754702080595	0.813921106148	0.700339924678	0.780993310079	0.780277579907	0.852196997337	0.825007391363	0.767775296745	0.70266233359	0.663399097534	0.762002700962	0.852617713295	0.769999269907	0.763823036907	0.802681787293	0.792514629582	0.654233435162	0.626451012755	0.844593662969	0.655165345808	0.799430866282	0.719536275367	0.820528337421	0.785364810423	0.694695787284	0.813824615397	0.794674841216	0.787043345322	0.787345966452	0.757101130839	0.753154778052	0.811876870001	0.761333714089	0.826827223497	0.773757588962	0.812273311737	0.790902439722	0.789640647508	0.819851315788	0.816250690105	0.787959838636	0.692835436702	0.793104445594	0.816980088404	0.7273608995	0.773604153362	0.825943689226	0.801932984597	0.834386486886	0.746245382126	0.716811820814	0.764386738488	0.789501371121	0.803661963224	0.829922587725	0.822894360007	0.576985537991	0.828586307561
CP.49.water	0.818987473837	0.688250115752	0.684996959191	0.78992069426	0.0	0.794895152106	0.664142997907	0.708893717717	0.804076717476	0.711835717803	0.704635275688	0.834141657079	0.795735564871	0.796504649395	0.808350896268	0.865770370401	0.772892063511	0.815656029181	0.712381046112	0.805811997864	0.825562363397	0.842168338337	0.697932832894	0.846607026525	0.836513288089	0.740331922384	0.77678009321	0.705075691855	0.802946819628	0.72471757932	0.749977686336	0.77354538482	0.780778734254	0.812293485496	0.853971459625	0.769903278369	0.844116618718	0.787444898241	0.751873324637	0.749355527696	0.74359512371	0.84360211759	0.802153149082	0.832333440456	0.835416696573	0.835911109919	0.852301033319	0.799620721635	0.75861645548	0.777259679332	0.8428795379	0.775359505579	0.639186462265	0.826432245489	0.745490953288	0.754239026766	0.8191168044	0.846147802408	0.782799848878	0.744579295846	0.833103963832	0.813604846268	0.713437413608	0.78627772355	0.821019636728	0.78172031978	0.827930464999	0.821966765024	0.835266948991	0.849580194229	0.769083731262	0.656368780233	0.839088466668	0.799918931427	0.548330497495	0.686724556904	0.688626242369	0.790912254748	0.74308005248	0.703356864359	0.801931860751	0.687828887423	0.735364364645	0.836457343439	0.685128597773	0.804232638207	0.672145678528	0.818675001491	0.682818355691	0.732896901876	0.761430048057	0.847048685087	0.821766097116	0.834235382855	0.813841409071	0.791511528019	0.770914886938
CP.7.sed	0.632289811811	0.845914344937	0.834428101216	0.611423627132	0.794895152106	0.0	0.829433342322	0.856727472708	0.818079295248	0.772354143363	0.827441062824	0.628100425933	0.744416770438	0.733891604324	0.662476433502	0.737008592902	0.848825925377	0.86362388266	0.826987395778	0.834705199174	0.847962605429	0.865442891373	0.800724971099	0.572382851841	0.602218200323	0.749419215125	0.776246910383	0.829295795038	0.818637431292	0.724872154476	0.810160450501	0.721814914574	0.681427319116	0.867912402056	0.884450037907	0.735988835226	0.661551394589	0.750585513584	0.777953183652	0.767868809835	0.832970058838	0.684367081832	0.83081138902	0.840918258391	0.876160259609	0.871164418126	0.727531273255	0.706805651983	0.722442795721	0.75693935521	0.884064222877	0.805014462028	0.795694644933	0.865334365862	0.818032178742	0.699573726821	0.535236056215	0.872909417642	0.672757990074	0.84329969714	0.676782395791	0.84176386414	0.796381585409	0.624170786157	0.863180735188	0.801851884185	0.828036579981	0.824349022459	0.691659013602	0.76654155759	0.847928583887	0.780498834806	0.863369398249	0.780897332731	0.820369414226	0.808339371033	0.81690406919	0.845169043842	0.779600132406	0.806264975974	0.630049036922	0.82505546692	0.795731055186	0.744086794514	0.815016000134	0.861614410195	0.841014588599	0.868013985991	0.792311755987	0.751568871035	0.778696387308	0.737101581943	0.786891601804	0.869730724542	0.855237025373	0.550701200516	0.800971081858
CP2.38.water	0.833156497691	0.714744879613	0.647170387007	0.783350398254	0.664142997907	0.829433342322	0.0	0.718916057878	0.782051609826	0.717480383917	0.718508948477	0.866061717169	0.772220950589	0.809343012189	0.836923023951	0.864986223564	0.713458061214	0.785100953293	0.677881900626	0.829199380741	0.803841595149	0.832576248607	0.742219719497	0.871722138595	0.865791617871	0.729743787987	0.789620452805	0.676379974151	0.786114060301	0.740490963805	0.752659127429	0.760404629664	0.785020796015	0.780461868668	0.830905997837	0.797584164613	0.85985694986	0.805222888748	0.749699331863	0.766490301219	0.673487376355	0.834755771349	0.794296952804	0.797394043119	0.808478475079	0.808354777398	0.867101500633	0.8078769423	0.763406315901	0.781499553493	0.816551394898	0.764482951592	0.646487290905	0.801518066847	0.744303889772	0.753937686795	0.85964220443	0.825254729941	0.800941867143	0.725691728571	0.845770268559	0.806665219523	0.739166384776	0.83469845409	0.782064627064	0.779446747404	0.815820025754	0.802198045427	0.87075593642	0.839939765463	0.76867555557	0.660165664203	0.800925468433	0.802764416731	0.651256855894	0.7156181888	0.717999427255	0.787736021945	0.819439458744	0.727472208793	0.825370099535	0.741030066241	0.782793380554	0.843847911594	0.62829307	0.772881784966	0.632409493347	0.812495925395	0.684755333545	0.733704982987	0.765116930444	0.871389573482	0.843507277327	0.809796374624	0.806136002818	0.82497261162	0.807925710204
CP.35.water	0.833405969085	0.633434379985	0.688959099257	0.817641388114	0.708893717717	0.856727472708	0.718916057878	0.0	0.771566432696	0.690721115171	0.60912694975	0.864264834066	0.773300819865	0.803811813305	0.856695807334	0.876334897209	0.726696785915	0.76617013016	0.664282004457	0.800767473477	0.787232008771	0.800020874791	0.733772650643	0.872789120162	0.871320848859	0.771561013054	0.765607842546	0.663882104053	0.771259984168	0.742301922649	0.762040875598	0.759698106303	0.781823944906	0.78036527491	0.835450334556	0.815212451081	0.874809088753	0.802929453019	0.737821465903	0.754025715511	0.636717359495	0.867362634889	0.7780990389	0.777745001402	0.764348173691	0.790365239453	0.876248674258	0.771740581784	0.772653244954	0.778022195529	0.790959577314	0.717933953446	0.659046466796	0.776183437085	0.667219849549	0.759730177735	0.863863560653	0.797998290238	0.798936279904	0.660051315678	0.859293712875	0.767677126908	0.715104925386	0.853537187627	0.751780659338	0.761164793508	0.776502359738	0.777405445781	0.869291730945	0.825637440132	0.719132262359	0.722939391063	0.778302648348	0.789964502562	0.693382521089	0.683842514916	0.684708369433	0.773434170089	0.793188387008	0.692939947628	0.83870836315	0.731541625807	0.748258975911	0.824413880353	0.690826449246	0.761389591114	0.66926245979	0.787037073175	0.685835355891	0.734099442267	0.734251613229	0.885155720358	0.841828276676	0.780777755452	0.774995858086	0.839463818245	0.795558570876
CP.14.sed.PM	0.753208205045	0.78840101031	0.779162641841	0.801376511354	0.804076717476	0.818079295248	0.782051609826	0.771566432696	0.0	0.759056575558	0.760706686062	0.82953823401	0.791289459546	0.755193911499	0.828800939008	0.848276184859	0.692449384218	0.688604848681	0.763422755113	0.836588251769	0.696735943821	0.715600794605	0.801319255704	0.84277542274	0.850770782046	0.773141303382	0.673234558165	0.770769301825	0.778933407194	0.7462686366	0.81536859657	0.770589255806	0.773314069055	0.687528020282	0.735527249708	0.741867933576	0.834761949152	0.721641238039	0.794061519738	0.715090655476	0.762781219399	0.80642053681	0.759441703276	0.733139545777	0.733542155143	0.69648485066	0.848439255314	0.773161598478	0.768516877429	0.690049396734	0.716741167891	0.650143035504	0.765792823235	0.700946668729	0.774026798183	0.759562687289	0.832745861254	0.689516832166	0.798577672462	0.7803090752	0.807371252402	0.692972594997	0.737498243036	0.838582905922	0.678339658978	0.645406615683	0.688446099297	0.685683660341	0.850082564348	0.702502332463	0.704536385188	0.784755931094	0.716134937238	0.69648388743	0.783748314667	0.764442488151	0.755699015342	0.648191885052	0.770142892041	0.739540027476	0.833053208107	0.788663195311	0.780265975015	0.788808547728	0.760427919635	0.680483596863	0.772452538622	0.662694590552	0.753792811222	0.752128836263	0.716749590819	0.862313289111	0.755657900567	0.692736541554	0.707657474193	0.814217654982	0.804445429523
CP.45.water	0.74104088379	0.745471597913	0.698419321472	0.727370294494	0.711835717803	0.772354143363	0.717480383917	0.690721115171	0.759056575558	0.0	0.724542126435	0.784096919428	0.73190248667	0.776397191431	0.817526496603	0.827002097677	0.754224688993	0.793552244145	0.708926336403	0.834001439577	0.796257050195	0.802341830062	0.764151425757	0.774793735069	0.816906949838	0.702111945898	0.737544368538	0.736654445709	0.772419877197	0.653707164341	0.779905905114	0.694704394918	0.687441512749	0.791802228973	0.820448232529	0.733393966459	0.793240879809	0.762486013205	0.695597404707	0.729273216622	0.71936194252	0.7949732712	0.751186877177	0.779268644545	0.778494279508	0.812327990637	0.804959737795	0.698925651678	0.696556801187	0.74521178322	0.805383851165	0.743682935334	0.643443925862	0.779182375933	0.720667615684	0.671297841529	0.779071025383	0.814234999082	0.716318274909	0.747983651358	0.756361245241	0.774691653942	0.73439045697	0.77103557882	0.756288037286	0.757969922265	0.780813134702	0.774900644604	0.788051759693	0.779134185666	0.755081024995	0.66602524253	0.794390318938	0.737513972103	0.68504593161	0.711271142306	0.716601599077	0.780270175513	0.773141591629	0.717361571497	0.792861387067	0.739143982142	0.767682638095	0.773672879441	0.700061955217	0.777100964081	0.685710619081	0.7973499445	0.699466596435	0.687549903465	0.724105802893	0.822493306236	0.801062347431	0.794731163528	0.788440856757	0.769599575438	0.790924090881
CP.31.water	0.822346570257	0.650851902105	0.705634530167	0.81323098517	0.704635275688	0.827441062824	0.718508948477	0.60912694975	0.760706686062	0.724542126435	0.0	0.855404918651	0.787389975248	0.789373570513	0.837607253105	0.882524405937	0.717426544631	0.786577633966	0.656811093171	0.82297127991	0.808989888941	0.810670711895	0.724687296873	0.863596663891	0.855820004229	0.760064978228	0.76817443444	0.666226225209	0.792434270499	0.755689551199	0.733184022358	0.756711467858	0.774198735976	0.787281496792	0.848665501123	0.794550033417	0.875432459515	0.776577843833	0.758811687073	0.754475744863	0.666756890543	0.857662846683	0.791663486273	0.796540830707	0.773565988739	0.79735809625	0.870506756368	0.77934009068	0.780009710456	0.768817049009	0.810927442926	0.731674839315	0.706069744407	0.78847936841	0.655379283479	0.754035611006	0.856938981007	0.814098981688	0.801210806126	0.664207483206	0.844187863292	0.769760026224	0.707164549404	0.830623709095	0.76162190956	0.756836205331	0.778911204466	0.790315113992	0.866964823426	0.823577151773	0.732730512634	0.734924789365	0.801109181875	0.788730977218	0.705802750896	0.644419226053	0.665283399517	0.772670927561	0.764397178104	0.659032792522	0.831393599476	0.72759952043	0.705822967861	0.834529649944	0.690284591895	0.766141200784	0.681447232285	0.805975494916	0.713642238056	0.739839796542	0.725740254265	0.888501958009	0.832052689352	0.797644836887	0.792390908923	0.820769272993	0.745483473414
CP.3.water	0.680116523405	0.860725459161	0.868076332926	0.736228098319	0.834141657079	0.628100425933	0.866061717169	0.864264834066	0.82953823401	0.784096919428	0.855404918651	0.0	0.823496812118	0.732190877821	0.713172845318	0.787604577818	0.871624179336	0.897241008083	0.859054857092	0.813918057192	0.877448138745	0.895571936425	0.82865252594	0.636316550581	0.602179166983	0.772932372869	0.761136180717	0.869651123043	0.811267910003	0.791435668087	0.837117888683	0.78267239419	0.733363978565	0.888008720383	0.907828840326	0.739550812667	0.746421277285	0.720820105972	0.825590485348	0.811995627315	0.869498569522	0.764602413829	0.828311646899	0.878700110276	0.90485396914	0.905939678783	0.650620385322	0.766022810581	0.808978990612	0.754125290307	0.910537508861	0.840957063184	0.808300163997	0.899222402062	0.859379669647	0.76546771982	0.619452016554	0.903268783715	0.744702659374	0.861471006026	0.576265394775	0.873133223294	0.812425351398	0.581981795843	0.886640029264	0.828069648364	0.881620415963	0.875097246886	0.556775212989	0.815174308633	0.858798752103	0.80829580121	0.901517210975	0.771624160094	0.84609251609	0.85082833867	0.847150149379	0.878586214593	0.752280898557	0.842877397863	0.658701450912	0.857757351757	0.810686371998	0.783387204763	0.851378479418	0.883317711875	0.86611569139	0.897055513998	0.82111482766	0.799136265135	0.817795155938	0.61928497527	0.777274194558	0.904856943104	0.888621570804	0.664327681539	0.789451386869
CP2.42.sed	0.715113027584	0.802254133727	0.759773180949	0.662394854025	0.795735564871	0.744416770438	0.772220950589	0.773300819865	0.791289459546	0.73190248667	0.787389975248	0.823496812118	0.0	0.836715296247	0.846369349366	0.784466175863	0.751273236143	0.791524809827	0.749398826983	0.860499099949	0.782866991867	0.796862183373	0.819841637962	0.777900777024	0.839058214255	0.767033508593	0.787970100873	0.771412812229	0.790235925108	0.657171825778	0.827171543649	0.628980712484	0.650644416452	0.786051669532	0.820492294639	0.797922346776	0.745470600064	0.804541215135	0.675792309111	0.791693306087	0.750718350392	0.733119022232	0.788560766909	0.747552578935	0.797066585792	0.791458135016	0.813608729129	0.683739834542	0.598038659483	0.783955028764	0.807605351081	0.767384441117	0.745286970746	0.760741629902	0.775258222313	0.644143186845	0.747193755257	0.795499922023	0.644729715503	0.796813731997	0.782776533713	0.789807980565	0.800323243555	0.819659872245	0.766904587042	0.773933999729	0.760463369009	0.771735885713	0.812681341904	0.746257249899	0.777417895513	0.753100797379	0.777191530412	0.790447099862	0.789607516814	0.786651927421	0.796201588975	0.793057223445	0.843294297439	0.790527445597	0.814121872475	0.794428567323	0.822863478355	0.746411673637	0.750878073313	0.780250665386	0.750388016217	0.794748738788	0.705164911303	0.647982315648	0.770613644673	0.844570834724	0.850477480112	0.779847948719	0.778621576078	0.75243285522	0.846237429895
CP2.3.water.PM	0.774441978683	0.815843749311	0.840762832661	0.788703830861	0.796504649395	0.733891604324	0.809343012189	0.803811813305	0.755193911499	0.776397191431	0.789373570513	0.732190877821	0.836715296247	0.0	0.746480969876	0.834616674931	0.819631693395	0.858582558244	0.796420531971	0.814314148948	0.845153499977	0.839263463807	0.760017948873	0.781252229006	0.71047496695	0.744053421854	0.686572997301	0.796675153004	0.821666114913	0.754393298209	0.815802171713	0.783084754358	0.764348248362	0.854124246782	0.866733617936	0.710987151979	0.831448796617	0.698830849897	0.8182376643	0.725059167464	0.802784238464	0.829769125018	0.829492167953	0.853925259964	0.853766539004	0.864782057842	0.804548479464	0.786739136564	0.784074451309	0.707163493401	0.865534720932	0.791414542963	0.77390673378	0.859256731103	0.80641558349	0.760394321019	0.761351689475	0.858846836512	0.788322447727	0.82536376354	0.77282758487	0.800214528482	0.774775182431	0.75063211645	0.847222525155	0.760173997155	0.846689886525	0.84200456335	0.795536802052	0.809475460892	0.823136135152	0.804306162055	0.850553190169	0.731269823863	0.807759726522	0.775443044553	0.783544301841	0.818458570232	0.706632628101	0.748788888522	0.753064872549	0.792943790582	0.74107503572	0.817432137716	0.803822976123	0.842506341915	0.823420996814	0.85512949507	0.800978739879	0.809771838286	0.747770268295	0.783581397525	0.750758452651	0.861797058022	0.840552984583	0.745409802318	0.756926162785
CP.12.water	0.785919760872	0.834500761882	0.845571041746	0.750604713591	0.808350896268	0.662476433502	0.836923023951	0.856695807334	0.828800939008	0.817526496603	0.837607253105	0.713172845318	0.846369349366	0.746480969876	0.0	0.802354961089	0.858044867383	0.874671339469	0.838306721332	0.799816015556	0.87209337078	0.899283572267	0.807327269467	0.752591915874	0.621838198444	0.763930854405	0.78969971621	0.828525434962	0.857471514438	0.800326746393	0.823976117473	0.814529828009	0.801070765485	0.886171773597	0.900777789231	0.763024694086	0.79254153524	0.778094246157	0.840370256197	0.751543320071	0.843695324279	0.798630824664	0.858286083974	0.878188795	0.895221720333	0.88366204078	0.795591740374	0.796070866728	0.829056366071	0.791911843738	0.905210207717	0.823783891577	0.806116756218	0.891946423673	0.842138544916	0.813219631606	0.729183003251	0.894822578543	0.801015040586	0.837585437397	0.752148584753	0.873025663803	0.78590530761	0.629804358329	0.875409467111	0.811290038593	0.859689280825	0.859514447895	0.77093956112	0.822765323526	0.856350177682	0.806215125435	0.890407219397	0.808469342059	0.826029474831	0.816662453244	0.832436361379	0.841889181061	0.774932790962	0.803225195899	0.581204812919	0.843481538657	0.803289463457	0.827583301046	0.832492614916	0.87820010876	0.849868688919	0.875703470888	0.810125160073	0.828135256841	0.798607660039	0.759299253722	0.743213869027	0.886885542683	0.871125497947	0.677996006592	0.810377095139
CP2.0.sand	0.748843051668	0.886189959241	0.866052643401	0.744707342218	0.865770370401	0.737008592902	0.864986223564	0.876334897209	0.848276184859	0.827002097677	0.882524405937	0.787604577818	0.784466175863	0.834616674931	0.802354961089	0.0	0.859114864505	0.86347485525	0.860947169388	0.867102443131	0.858612704966	0.890055182883	0.873444875867	0.72782521513	0.812972068925	0.825278918312	0.805370189071	0.870814813799	0.859781191422	0.799439251967	0.876506967314	0.788982867789	0.77106889833	0.854775885096	0.87660971291	0.814379382663	0.67960233358	0.808090214165	0.807790062957	0.82512985765	0.876703948777	0.620091643551	0.860419820338	0.860577393681	0.895853212326	0.871808240521	0.771246696885	0.77449457655	0.768336224922	0.79883339051	0.883297834623	0.859766825702	0.8550896583	0.876985927797	0.87688558052	0.784928881686	0.735778577592	0.871533854413	0.757197443988	0.887149872718	0.751937440766	0.873402176595	0.86680297382	0.80034392823	0.865920896434	0.821790468104	0.854722166216	0.875385869187	0.81280920212	0.784882865397	0.883819720598	0.846688561359	0.879008393817	0.824753007743	0.870340345628	0.866239182181	0.879238274429	0.877116323448	0.853648102064	0.864666350544	0.786655334273	0.869681436855	0.865925598969	0.754910419016	0.856983595921	0.856164827135	0.875832099202	0.876081431186	0.843472565123	0.806411916091	0.850594689936	0.797326618326	0.816125503843	0.885209323036	0.875658421976	0.750594157498	0.883043462283
CP.39.sed	0.810753793879	0.736816679656	0.710755868025	0.810122240546	0.772892063511	0.848825925377	0.713458061214	0.726696785915	0.692449384218	0.754224688993	0.717426544631	0.871624179336	0.751273236143	0.819631693395	0.858044867383	0.859114864505	0.0	0.663348869535	0.682505306196	0.841051873918	0.710688070453	0.74804887565	0.779533386873	0.876052345631	0.885223489457	0.772842152254	0.732987181022	0.695576144119	0.787469858791	0.749714694973	0.783355255917	0.758879396582	0.758354736071	0.644779876437	0.74627450267	0.790065391152	0.850553200803	0.790799867524	0.737607936618	0.743761481834	0.680277944413	0.83190514167	0.770328494889	0.721468899722	0.730380014165	0.698495451658	0.868871555228	0.768611427076	0.75411620293	0.742448572372	0.734431542578	0.694367248076	0.747116920605	0.715247770471	0.765161753698	0.764675673579	0.8692841237	0.72239139509	0.789010027531	0.747000613782	0.847128904452	0.723050037184	0.724541393107	0.840575753037	0.656697052456	0.685489823065	0.722512680517	0.715555203696	0.871144358027	0.754404703694	0.718083272091	0.758140998529	0.719720715493	0.765502766648	0.760435669862	0.711023630805	0.742660007844	0.679674482289	0.813462459157	0.744329152456	0.852582824327	0.784775498116	0.786531064341	0.806539803005	0.728827720603	0.616949518401	0.705131777057	0.700652032571	0.71438206976	0.728168102091	0.736015214032	0.881353817502	0.815444274473	0.71842307689	0.731664444912	0.844371170268	0.815463248653
CP2.28.sed	0.81054364051	0.78761201953	0.763765872316	0.831365446407	0.815656029181	0.86362388266	0.785100953293	0.76617013016	0.688604848681	0.793552244145	0.786577633966	0.897241008083	0.791524809827	0.858582558244	0.874671339469	0.86347485525	0.663348869535	0.0	0.768600418953	0.847582541282	0.68042401183	0.703113013722	0.821086484678	0.884876255779	0.905758796189	0.800372758767	0.73912311457	0.774403347616	0.818364193627	0.787141014554	0.847465141125	0.791784498614	0.805507049411	0.645963730791	0.718169314621	0.825294167882	0.857026550596	0.810081250778	0.806006744104	0.764175085261	0.770000045436	0.830379611405	0.775401370748	0.726316879026	0.707843748561	0.632228826383	0.893305858141	0.806518307167	0.783403847117	0.773937723455	0.685306876889	0.688203854699	0.794836691227	0.69281563551	0.792373204967	0.801947962341	0.891850482253	0.65985968671	0.827603965878	0.789659291847	0.880001598996	0.692488239288	0.767927224352	0.877920897129	0.635535548224	0.690549207169	0.677476526437	0.66578280696	0.904414455478	0.736748236824	0.728028216548	0.796332951592	0.694140301699	0.761187562504	0.812137097528	0.794489538022	0.794149739953	0.626438386472	0.842077560717	0.781095246325	0.881840596993	0.831199234839	0.823996633737	0.79158119527	0.783953562577	0.610641337548	0.758503894354	0.660503910902	0.755544155299	0.769710981252	0.746227560837	0.90400669094	0.800835674444	0.668927636924	0.707466314176	0.862994589927	0.82115959567
CP2.28.water	0.812952737953	0.684934951936	0.675074327961	0.79317999973	0.712381046112	0.826987395778	0.677881900626	0.664282004457	0.763422755113	0.708926336403	0.656811093171	0.859054857092	0.749398826983	0.796420531971	0.838306721332	0.860947169388	0.682505306196	0.768600418953	0.0	0.804384367071	0.773981049059	0.792278444268	0.714915082848	0.861587037622	0.870155302309	0.746369419852	0.763518146854	0.617695074859	0.773712299711	0.722545937238	0.724929845509	0.742878233186	0.759482906017	0.778869570357	0.824286888733	0.780662886079	0.863195015775	0.78995875825	0.74406848654	0.755342033757	0.605343224676	0.844630986526	0.766664426903	0.764471933856	0.765031173143	0.789722257929	0.873819225288	0.78379108276	0.757644535099	0.758910201981	0.785179353617	0.737177069044	0.691128643631	0.769174448037	0.693469072726	0.750894226192	0.847029754193	0.79547334759	0.788262885003	0.681934276212	0.829124228223	0.757771664251	0.698848841643	0.833102073724	0.734380099943	0.750384397605	0.773536602687	0.750701790317	0.858921121305	0.811472582187	0.730929816388	0.721423403219	0.778961022844	0.775765043036	0.696558519529	0.639814469335	0.691187956938	0.757168114409	0.780252063677	0.689529959801	0.815071985732	0.737866125946	0.750558194238	0.819731040961	0.658242964535	0.740209395992	0.663085494682	0.771721519715	0.675798136462	0.735208645981	0.75488110153	0.882793714174	0.834185673418	0.774124001334	0.76526769839	0.815106039924	0.780623665495
CP.42.water	0.846886032199	0.802112109772	0.809407848811	0.83474159348	0.805811997864	0.834705199174	0.829199380741	0.800767473477	0.836588251769	0.834001439577	0.82297127991	0.813918057192	0.860499099949	0.814314148948	0.799816015556	0.867102443131	0.841051873918	0.847582541282	0.804384367071	0.0	0.843877153557	0.867905065348	0.806806243884	0.83109850605	0.823362599107	0.819067395899	0.808253614616	0.805631539554	0.837668416019	0.827801079604	0.808677423836	0.841331290996	0.819631986792	0.853347185492	0.828708196692	0.805902694702	0.849921793651	0.798575951183	0.833677103443	0.80187404699	0.823020964126	0.85079450579	0.813034617674	0.870634882304	0.858526172156	0.86095773909	0.84697503467	0.838080820455	0.841874915898	0.810525885481	0.868799496234	0.823344899631	0.822116625361	0.860004631864	0.829411783755	0.837674491628	0.836222608009	0.87393998281	0.837798737394	0.758537676047	0.815408463842	0.84260281777	0.784274978849	0.790900551185	0.850753857881	0.822094696846	0.862902031936	0.856324830746	0.82643931475	0.848691904941	0.829383881531	0.812014189967	0.867035680742	0.832699606965	0.811555144623	0.805012671783	0.818332799646	0.838065959077	0.790161709414	0.824910706416	0.798620919854	0.781508033625	0.810003675556	0.826287712764	0.809640145381	0.844903679139	0.821983223901	0.853953418451	0.792010841414	0.845601858889	0.818832855073	0.842301452022	0.806363712841	0.862548088917	0.863824425017	0.832566347057	0.825872880512
CP.12.sed.PM	0.786622205357	0.824512884264	0.783607636131	0.814301877429	0.825562363397	0.847962605429	0.803841595149	0.787232008771	0.696735943821	0.796257050195	0.808989888941	0.877448138745	0.782866991867	0.845153499977	0.87209337078	0.858612704966	0.710688070453	0.68042401183	0.773981049059	0.843877153557	0.0	0.662546294778	0.839685352447	0.863394032113	0.88732461997	0.823935452081	0.73611053461	0.801411242755	0.804398787622	0.768770895658	0.868910977741	0.775009632023	0.791870357338	0.687220177423	0.691700802326	0.803492487159	0.841466494201	0.784613881439	0.778915550713	0.757136140481	0.777352465914	0.824590377054	0.780716277209	0.674274948481	0.664196378824	0.66037244503	0.873503842665	0.787274491058	0.78099755325	0.75257209101	0.656552792608	0.70950509669	0.795467612147	0.670682491912	0.805547326322	0.790121098239	0.864578001217	0.672554156891	0.802965334934	0.783374679309	0.856186182282	0.666972599602	0.7911830748	0.870834166099	0.676960672952	0.68730393967	0.658487690578	0.665674784458	0.888120888445	0.7016541395	0.705898557507	0.812752975047	0.687104977821	0.75282035943	0.82416659014	0.825205174871	0.801143239715	0.661600786616	0.844676886838	0.799629897153	0.867340401199	0.823998910456	0.839928872133	0.765197373609	0.781413063657	0.674678710031	0.796396750974	0.638304435031	0.75722712932	0.758324804449	0.713494314709	0.886490634267	0.820089645978	0.622963998474	0.650963256506	0.84478343537	0.853915985549
CP2.2.sed.PM	0.808603817041	0.842508519679	0.802733665101	0.843199193379	0.842168338337	0.865442891373	0.832576248607	0.800020874791	0.715600794605	0.802341830062	0.810670711895	0.895571936425	0.796862183373	0.839263463807	0.899283572267	0.890055182883	0.74804887565	0.703113013722	0.792278444268	0.867905065348	0.662546294778	0.0	0.836600871378	0.879946819508	0.902886947355	0.843873675859	0.739371397776	0.808780182706	0.820135440926	0.779439378049	0.876327273061	0.793507902705	0.818175877688	0.725566663115	0.723065472878	0.79885495167	0.869850324831	0.780919477598	0.824469451577	0.770110378716	0.790966679616	0.865261477812	0.789788766024	0.68135381994	0.659363887488	0.704466717778	0.898580769923	0.813611250944	0.796215174029	0.762384962537	0.651887684395	0.733257599776	0.811539128039	0.687169343886	0.797004276283	0.801935459999	0.873360637914	0.66490324237	0.830792948738	0.79904168374	0.870680212432	0.645475361821	0.799559693816	0.883388358066	0.697216361337	0.703922977194	0.666785313911	0.657613831243	0.901768825254	0.731415062895	0.729538695065	0.825524162101	0.678426541851	0.751945609253	0.835271040611	0.837989859601	0.800917352994	0.667935439147	0.841373319177	0.786811087536	0.886192298294	0.845468960049	0.832012066499	0.796364168022	0.814847517148	0.693201913261	0.813179568186	0.665536706505	0.785876217405	0.77965012725	0.714591057024	0.909564749681	0.809618766282	0.65448555269	0.660010239807	0.870800267984	0.852656575428
CP2.13.water	0.823597522345	0.751064148959	0.766471418736	0.816735483149	0.697932832894	0.800724971099	0.742219719497	0.733772650643	0.801319255704	0.764151425757	0.724687296873	0.82865252594	0.819841637962	0.760017948873	0.807327269467	0.873444875867	0.779533386873	0.821086484678	0.714915082848	0.806806243884	0.839685352447	0.836600871378	0.0	0.849835237005	0.809512830781	0.755652201284	0.773523930801	0.685727360425	0.827373221185	0.756243916934	0.657856778959	0.78102363159	0.78412681459	0.821157212717	0.852504343835	0.782143463308	0.860019973511	0.772971672643	0.777603269645	0.752148019665	0.735996864006	0.856280631888	0.810862728676	0.835375009539	0.821275480418	0.836868494954	0.850586132144	0.799770818982	0.758047705703	0.774556701318	0.838053062158	0.784364758635	0.709322213439	0.826022099025	0.72160334807	0.756507819532	0.831333499269	0.842282601342	0.801599555889	0.732144327937	0.849746793796	0.807790084824	0.728167423392	0.783269226395	0.8053377156	0.779953158243	0.82612442663	0.81655489352	0.855434554969	0.853434612628	0.779630435585	0.743713999317	0.828585283985	0.783711024378	0.717349963717	0.678422988485	0.688729774735	0.813203509471	0.717362607492	0.677204141707	0.792983725276	0.698533731236	0.619436072616	0.830079419382	0.746435574402	0.799490915372	0.748782452604	0.838895509464	0.751089709699	0.775904438249	0.762018483585	0.857144834997	0.809142153739	0.82597521449	0.810924638193	0.805603923502	0.705496099057
CP.3.sed	0.637855804607	0.87477266013	0.861504440472	0.668450827092	0.846607026525	0.572382851841	0.871722138595	0.872789120162	0.84277542274	0.774793735069	0.863596663891	0.636316550581	0.777900777024	0.781252229006	0.752591915874	0.72782521513	0.876052345631	0.884876255779	0.861587037622	0.83109850605	0.863394032113	0.879946819508	0.849835237005	0.0	0.697504823408	0.778528775903	0.781604443156	0.865482848901	0.839365063076	0.761281291395	0.856367121316	0.741497714259	0.696220299016	0.874936489691	0.885261009152	0.765824059145	0.631306280035	0.770821916178	0.785009482593	0.813749171221	0.867938836962	0.699159669112	0.842892002077	0.860491746109	0.906179986442	0.8881400721	0.726605007415	0.732681515069	0.750565648437	0.776358594519	0.904446624152	0.836779781558	0.829445107566	0.87692853246	0.848512127841	0.725881970533	0.539835787034	0.895841544449	0.691371943062	0.871048532743	0.652830539546	0.867746317102	0.814911339671	0.698061666641	0.88066547529	0.820589007615	0.861967599156	0.863097324078	0.68132473671	0.781226671025	0.869708453563	0.796173606871	0.890829912356	0.785408296192	0.849171215296	0.846201397478	0.852031487537	0.87813107011	0.792314159346	0.839871669213	0.721591690018	0.850381318838	0.830578773217	0.710016701328	0.844658829268	0.866949378887	0.860089078068	0.88931679898	0.809403673792	0.778939887813	0.827269699408	0.748769643222	0.806269693582	0.889893502369	0.884016315443	0.619241958154	0.838881759756
CP.5.water	0.677992832075	0.867352712541	0.862440652416	0.719650975823	0.836513288089	0.602218200323	0.865791617871	0.871320848859	0.850770782046	0.816906949838	0.855820004229	0.602179166983	0.839058214255	0.71047496695	0.621838198444	0.812972068925	0.885223489457	0.905758796189	0.870155302309	0.823362599107	0.88732461997	0.902886947355	0.809512830781	0.697504823408	0.0	0.764283320245	0.784768277117	0.861418198906	0.842934128212	0.823793993969	0.826696040084	0.799511949799	0.784071367592	0.899267382836	0.91353721239	0.767972024938	0.781634376205	0.728562579904	0.829828378006	0.798104195063	0.875956583718	0.80077865207	0.864156381583	0.887895605612	0.911854896894	0.909212763839	0.765088810277	0.802187382099	0.824173982903	0.807713843798	0.916871643848	0.844347787716	0.820908559594	0.899455083948	0.852466031164	0.78551696659	0.589964630969	0.913228729502	0.785938923115	0.857893857148	0.728625912793	0.888327648587	0.826211397204	0.485050078544	0.897604095963	0.831272989825	0.875157131396	0.876866743348	0.727357926411	0.850731754156	0.881802938707	0.827491198874	0.902397895989	0.812192924081	0.848235211735	0.835755789751	0.840118589239	0.881445046945	0.771285312908	0.823326690572	0.585095148924	0.835301442953	0.810968881984	0.818022084711	0.845246551352	0.898715668961	0.865215768861	0.905953886123	0.823606175175	0.835441518601	0.793038176951	0.704698058301	0.769205947575	0.90689856594	0.892388356795	0.653809645052	0.802620566372
CP2.34.water	0.753193752969	0.746949897824	0.708510917648	0.765797377383	0.740331922384	0.749419215125	0.729743787987	0.771561013054	0.773141303382	0.702111945898	0.760064978228	0.772932372869	0.767033508593	0.744053421854	0.763930854405	0.825278918312	0.772842152254	0.800372758767	0.746369419852	0.819067395899	0.823935452081	0.843873675859	0.755652201284	0.778528775903	0.764283320245	0.0	0.751224022774	0.759592105064	0.798556210145	0.744192269831	0.768553733989	0.721821239837	0.729205768093	0.797021946011	0.839273169227	0.783581183863	0.78902949968	0.772265341866	0.776192303456	0.752308025565	0.742767796595	0.775762424243	0.801697460941	0.827130616132	0.840458934697	0.81657748808	0.793361884598	0.740987898556	0.744982407319	0.771277994169	0.847769568394	0.766847240239	0.715743408028	0.821076332974	0.7916163133	0.74039274452	0.771049915476	0.8402072187	0.706231415904	0.787556796306	0.773849210552	0.823389878474	0.736843043678	0.763276332203	0.795423269455	0.759782779494	0.818180977919	0.812557101704	0.784375981715	0.804939066672	0.795042278424	0.71259585473	0.837575626116	0.787269818364	0.709188540361	0.735336031633	0.778781467416	0.806189240492	0.789045024039	0.760076347322	0.779276132155	0.758296848806	0.790346826113	0.791624037602	0.715496516264	0.797384675067	0.710976412319	0.834307073175	0.687527155506	0.740886839621	0.771561675179	0.784211945053	0.784863069171	0.832321519382	0.830480222782	0.778509236458	0.772564682396
